29 10 00 00 00 41 00 80 07 65 01 
29 10 01 00 00 5D 00 14 10 00 00 00 
29 10 00 00 00 C4 00 9A 00 06 AB 00 01 14 10 00 00 00 
29 10 01 00 00 D6 00 9A 01 06 AB 00 01 14 10 00 00 00 
29 10 02 00 00 E8 00 9A 02 06 AB 00 01 14 10 00 00 00 
29 10 03 00 00 FA 00 9A 03 06 AB 00 01 14 10 00 00 00 
29 10 04 00 00 0C 01 9A 04 06 AB 00 01 14 10 00 00 00 
29 10 05 00 00 1E 01 9A 05 06 AB 00 01 14 10 00 00 00 
29 10 06 00 00 30 01 9A 06 06 AB 00 01 14 10 00 00 00 
29 10 07 00 00 42 01 9A 07 06 AB 00 01 14 10 00 00 00 
29 10 08 00 00 54 01 9A 08 06 AB 00 01 14 10 00 00 00 
29 10 09 00 00 65 01 87 01 99 00 01 11 10 01 00 00 
29 10 00 00 00 F0 17 11 10 01 00 00 
29 10 05 00 25 27 24 A5 17 00 01 
29 10 02 00 25 00 4B 0F A8 17 00 64 00 01 24 11 10 18 00 00 
29 10 01 00 25 27 24 11 10 19 00 00 
29 10 00 00 25 00 70 14 11 10 19 00 00 

2F 10 10 00 00 81 90 02 00 80 06 60 00 06 47 01 90 02 00 80 01 A7 
2F 10 00 00 00 87 00 06 AB 00 07 2B 0F 9B 84 10 10 00 00 
2F 10 00 00 00 A5 00 98 14 10 00 00 00 00 01 14 10 00 00 00 
2F 10 01 00 00 81 93 80 91 8B 00 89 00 88 00 08 84 10 BF 00 00                      

2F 10 AB 00 00 13 10 01 00 00 
2F 10 AC 00 00 C6 0A 00 28 02 A6 AD 00 00 14 A6 AE 00 00 14 13 10 00 00 00 
2F 10 AD 00 00 13 10 01 00 00 
2F 10 AE 00 00 C6 09 00 22 02 A6 AF 00 00 14 A6 A6 00 00 14 13 10 00 00 00 
2F 10 AF 00 00 13 10 01 00 00 
2F 10 A6 00 00 C6 0B 00 29 02 C6 4A 00 1A 00 C6 4B 00 21 00 01 11 10 67 00 00 
2F 10 01 00 00 93 A6 AB 00 00 14 A6 AC 00 00 14 13 10 00 00 00 
2F 10 AB 00 00 13 10 01 00 00 
2F 10 AC 00 00 C6 0A 00 26 02 88 8F 08 84 10 16 00 00                               

29 10 00 00 00 E8 17 11 10 67 00 00 1E C6 65 00 0E 00 CB 65 00 C6 65 00 5D 00 CB 65 00 C6 65 00 5C 00 CB 65 00 C6 65 00 5A 00 CB 65 00 C6 65 00 5B 00 CB 65 00 C6 65 00 59 00 CB 65 00 C6 65 00 58 00 CB 65 00 C6 65 00 57 00 CB 65 00 C6 65 00 56 00 CB 65 00 C6 65 00 55 00 CB 65 00 C6 65 00 54 00 CB 65 00 C6 65 00 53 00 CB 65 00 C6 65 00 52 00 CB 65 00 C6 65 00 4C 00 92 86 94 89 00 04 89 01 01 24 A5 17 00 00 

