29 10 00 00 00 49 00 80 07 52 01 
29 10 01 00 00 65 00 14 10 00 00 00 
29 10 00 00 00 B0 00 9A 00 06 97 00 01 14 10 00 00 00 
29 10 01 00 00 C2 00 9A 01 06 97 00 01 14 10 00 00 00 
29 10 02 00 00 D4 00 9A 02 06 97 00 01 14 10 00 00 00 
29 10 03 00 00 E6 00 9A 03 06 97 00 01 14 10 00 00 00 
29 10 04 00 00 F8 00 9A 04 06 97 00 01 14 10 00 00 00 
29 10 05 00 00 0A 01 9A 05 06 97 00 01 14 10 00 00 00 
29 10 06 00 00 1C 01 9A 06 06 97 00 01 14 10 00 00 00 
29 10 07 00 00 2E 01 9A 07 06 97 00 01 14 10 00 00 00 
29 10 08 00 00 40 01 9A 08 06 97 00 01 14 10 00 00 00 
29 10 09 00 00 52 01 87 01 99 81 00 93 CB 3F 00 88 00 00 84 10 BE 00 00 

29 10 05 00 25 27 24 A5 72 00 01 
29 10 01 00 25 00 C4 0B A8 72 00 64 00 01 24 A5 75 00 00 
29 10 05 00 25 27 24 A5 75 00 01 
29 10 01 00 25 00 E2 0B A8 75 00 64 00 11 10 80 00 00 
29 10 01 00 25 27 24 11 10 4C 00 00 
29 10 01 00 25 00 FF 0C 11 10 04 00 00 1E 88 6E 00 84 10 01 00 00 
29 10 00 00 25 27 24 11 10 4C 00 00 
29 10 01 00 25 00 12 0E 11 10 04 00 00 1E 88 68 00 84 10 3F 00 00 
29 10 00 00 25 27 24 11 10 4C 00 00 

2F 10 3F 00 00 14 10 00 00 00 
2F 10 00 00 00 87 00 9B 06 97 00 06 52 01 90 01 00 80 01 A7 
2F 10 00 00 00 87 00 06 97 00 07 A4 0B 9B 84 11 10 F7 00 00 00 
2F 10 00 00 00 87 00 98 14 10 00 00 00 00 01 14 10 00 00 00 
2F 10 01 00 00 92 86 94 89 00 04 89 01 01 24 A5 72 00 00 
2F 10 00 00 00 01 24 11 10 16 00 00 
2F 10 06 00 00 01 24 11 10 02 00 00 

2A 10 02 00 25 27 24 11 10 04 00 00 
2A 10 06 00 25 00 65 0C 11 10 FF 00 00 
2A 10 02 00 25 27 24 11 10 04 00 00 

2B 10 01 00 25 27 24 11 10 19 00 00 
2B 10 01 00 25 27 24 11 10 1C 00 00 
2B 10 01 00 25 27 24 11 10 20 00 00 
2B 10 01 00 25 27 24 11 10 24 00 00 
2B 10 01 00 25 27 24 11 10 27 00 00 
2B 10 01 00 25 27 24 11 10 2A 00 00 
2B 10 01 00 25 27 24 11 10 21 00 00 
2B 10 00 00 25 27 24 11 10 FF 00 00 
2B 10 03 00 25 27 24 11 10 05 00 00 
2B 10 01 00 25 00 64 10 11 10 05 00 00 1E 88 70 00 84 10 3F 00 00
